40
20
1072693248
0
1078525951
4294967295
0
0
1071644672
0
1068079513
2576980378
1067030937
2576980378
1068079513
2576980378
1068708659
858993459
1069128089
2576980378
1069547520
0
1069757235
858993459
1069966950
1717986918
1070176665
2576980378
1070386380
3435973837
1070596096
0
1070700953
2576980378
1070805811
858993459
1070910668
3435973837
1071015526
1717986918
1071120384
0
1071225241
2576980378
1071330099
858993459
1071434956
3435973837
1071539814
1717986918
1071644672
0
1071697100
3435973837
1071749529
2576980378
1071801958
1717986918
1071854387
858993459
1071906816
0
1071959244
3435973837
1072011673
2576980378
1072064102
1717986918
1072116531
858993459
1072168960
0
1072221388
3435973837
1072273817
2576980378
1072326246
1717986918
1072378675
858993459
1072431104
0
1072483532
3435973837
1072535961
2576980378
1072588390
1717986918
1072640819
858993459
1072693248
0
0
0
0
0
0
0
0
0
0
0
0
0
0
0
0
0
0
0
0
0
0
0
0
0
0
0
0
0
0
0
0
0
0
0
0
0
0
0
0
0
0
0
0
0
0
0
0
0
0
0
0
0
0
0
0
0
0
0
0
0
0
0
0
0
0
0
0
0
0
0
0
0
0
0
0
0
0
0
0
0
0
0
0
0
0
0
0
0
0
0
0
0
0
0
0
0
0
0
0
0
0
0
0
0
0
0
0
0
0
0
0
0
0
0
0
0
0
0
0
0
0
0
0
0
0
0
0
0
0
0
0
0
0
0
0
0
0
0
0
0
0
0
0
0
0
0
0
0
0
0
0
0
0
0
0
0
0
0
0
0
0
0
0
0
0
0
0
0
0
0
0
0
0
0
0
0
0
0
0
0
0
0
0
0
0
0
0
0
0
0
0
0
0
0
0
0
0
0
0
0
0
0
0
0
0
0
0
0
0
0
0
0
0
0
0
0
0
0
0
0
0
0
0
0
0
0
0
0
0
0
0
0
0
0
0
0
0
0
0
0
0
0
0
0
0
0
0
0
0
0
0
0
0
0
0
0
0
0
0
0
0
0
0
0
0
0
0
0
0
0
0
0
0
0
0
0
0
0
0
0
0
0
0
0
0
0
0
0
0
0
0
0
0
0
0
0
0
0
0
0
0
0
0
0
0
0
0
0
0
0
0
0
0
0
0
0
0
0
0
0
0
0
0
0
0
0
0
0
0
0
0
0
0
0
0
0
0
0
0
0
0
0
0
0
0
0
0
0
0
0
0
0
0
0
0
0
0
0
0
0
0
0
0
0
0
0
0
0
0
0
0
0
0
0
0
0
0
0
0
0
0
0
0
0
0
0
0
0
0
0
0
0
0
0
0
0
0
0
0
0
0
0
0
0
0
0
0
0
0
0
0
0
0
0
0
0
0
0
0
0
0
0
0
0
0
0
0
0
0
0
0
0
0
0
0
0
0
0
0
0
0
0
0
0
0
0
0
0
0
0
0
0
0
0
0
0
0
0
0
0
0
0
0
0
0
0
0
0
0
0
0
0
0
0
0
0
0
0
0
0
0
0
0
0
0
0
0
0
0
0
0
0
0
0
0
0
0
0
0
0
0
0
0
0
0
0
0
0
0
0
0
0
0
0
0
0
0
0
0
0
0
0
1072304695
1753922171
1072495679
1599540349
1069564186
2675997564
1072511584
14833343
1071922249
1966837796
1069086824
1904399552
1070715626
830590568
1071742989
2885203424
1072604133
1610375259
1072619613
3957255019
1069821098
1537018192
1072631576
2548869124
1072603420
2490400665
1071583333
107119954
1072274405
3375376508
1069689172
3759380440
1071316515
149312458
1072516532
2525961760
1072257475
797147986
1072608297
1979957286
